1.461837691064050913e+09 4.039632429445623159e+08 5.320857199733413756e+07 5.531511069719623029e+07 4.569809507015655749e+06 2.110612303394187707e+06 9.637705517282005399e+06 2.676820492120845593e+05 -4.302763117224490852e+05 -6.431905349160259590e+06 1.390480272606829822e+05 4.878234088854007423e+06 2.110544336552560329e+06 -3.175256286104923347e+05 4.274761302496912889e+06 -5.217225107340436807e+04 8.439070191658739932e+05 1.518432263726316858e+06 1.071369419009832898e+06 -2.898177582670356613e+06 -5.293582176528484561e+05 2.772596307060708292e+06 1.678475356164314086e+06 9.898316036995459581e+05 1.115227380129777128e+06 -1.514636976014333777e+06 -5.777596522135093110e+05 -3.238741324480111507e+04 3.178276901932617766e+05 -1.268364420444560470e+06 -4.798426678414153866e+05 -9.474126171074731974e+04 1.565255895756033016e+06 2.306347751436129212e+06 1.300857356490715872e+06 -7.904239685261438135e+05 2.460079032724959252e+05 -6.556790506272099447e+05 -1.098171513922061131e+05 3.598546310282767517e+05 3.296861924960592296e+05 -4.287096535334007931e+05 2.018568077070290747e+05 -8.316629859747656155e+05 -4.328669461334516527e+05 2.915984390203332878e+05 -5.925788832214634167e+05 3.877754823792639072e+05 4.940045338545289123e+05 1.034983123843218549e+06 -8.570061610573442886e+05 -5.801250345083074644e+05 4.670980325023771729e+05 -2.651962201510816230e+05 -3.193795000485736527e+05 -5.832564970373489195e+05 -1.480969726038216380e+06 1.727827132666059479e+05 5.428951720966456924e+05 4.703709952455309685e+05 4.765652956656538299e+05 3.500603033141788910e+05 7.170412010937099112e+05 5.425749015567149036e+05 -3.156022487282781512e+05 1.837922256093342148e+05 3.443564331114153174e+04 2.018524601068698394e+05 8.475114334652610123e+05 -9.843742951170152810e+04 -7.115301325932786567e+05 -2.648733262902840506e+05 -5.053359409841928864e+05 4.146465037816877157e+04 -7.185596857586767292e+05 -7.006488279971969314e+04 -6.979894964231931954e+04 -1.647207778708376645e+04 -6.066902495385087095e+05 -6.310704250475905137e+05 -3.086087324047586299e+05 -7.552904227451079059e+05 5.698044302654833882e+04 -9.215952822608927963e+05 -8.663623824464161880e+05 -6.321970804874414171e+04 -2.079539309368098620e+05 -1.563615535111963050e+06 -6.327911570809929399e+05 1.406018239275128872e+05 7.379040677262847312e+05 9.176465337279294617e+05 -3.423730381618950923e+04 -1.138068384517313971e+05 -1.449261015358319273e+05 -2.332750231982044934e+05 -2.926128945766050601e+05 -4.026086140606811969e+05 -4.114554793123220588e+04 -1.135320823977976979e+05 -1.013199497400527762e+05 4.294961969537449768e+05 8.595327009573313990e+04 3.547025253797277110e+05 4.456138144728681073e+05 2.461047356937261357e+05 2.831814514033243759e+05 6.563120387152578915e+05 4.784804269536687061e+05 -4.474336584013904940e+04 1.993955096102574025e+05 -4.234141602149962637e+03 -2.018586392867840768e+05 3.661967828389906790e+05 3.519563347345977672e+05 -3.963491831021397375e+05 -1.624204533399244247e+04 3.940300242351609631e+05 -1.014972885943152942e+05 -3.965731421494573588e+05 -6.513023031176163349e+05 -3.594922666013174457e+05 -3.645244185184006928e+05 1.091265103958752879e+05 -1.822999282635290001e+05 2.348378097966931236e+05 -1.091429609996315849e+05 -2.076089295072488021e+05
4.039632429445623159e+08 5.049406868558499813e+08 1.314782229631684124e+08 2.237162127820631489e+07 2.433267428661227226e+06 -5.370082388695274480e+06 3.972179370253911475e+05 -1.541875458757555345e+06 3.110631619184943847e+06 -1.325237444084000541e+06 -6.882432420572123956e+05 3.246201149125737138e+06 -1.110578475814566715e+06 -2.973395453068328090e+06 -3.326176420371045824e+06 -4.928351845414593816e+06 -2.416469880217917671e+05 1.364269867646586150e+06 3.949181796012969688e+06 -1.132156711714574136e+06 3.958761824746605125e+05 -5.255144675446324982e+05 -2.238663929940285627e+06 -3.703623145785537872e+03 7.408200305325614754e+05 8.102119780387298670e+04 -4.532543213044763543e+05 -1.160328460126260034e+05 -8.736501302974256396e+04 1.007462633822552860e+06 -5.151421951136380085e+04 -4.503687840872524539e+05 1.418878489196228911e+05 6.635069443772733212e+05 3.879741417602252332e+05 -7.449850106188763166e+05 -3.883698933922634460e+05 -3.289724074789481238e+05 1.108376289218338752e+04 3.625944622404702241e+05 1.028940751030181767e+06 -9.355349522511150280e+04 -2.175968251946890960e+05 2.339668623862463282e+05 3.107015087587074959e+05 2.278341127355343488e+05 -2.803456326517571579e+05 -4.655190365789783536e+05 1.921512477108174935e+05 4.746599794416022487e+05 3.047246856976040290e+05 -6.372779962878864026e+05 1.820276922567030706e+05 -2.165372696728082701e+03 -4.077668668454082217e+05 -2.574957650923066831e+05 -8.994799704959611408e+05 -8.955986075041808654e+05 -3.716977686865964788e+05 -2.095927777293137624e+05 -1.732208381685505447e+05 2.667623421053398852e+04 4.713428083236577222e+05 5.847651835427182959e+05 1.738029327101628878e+05 4.555388931522234925e+05 5.724275428373541217e+05 5.638141186859164154e+05 1.070126748517287895e+06 2.733573952007670305e+05 1.878153601505075349e+05 1.423411123309007962e+05 -2.232960323629419727e+05 -4.559956173301280360e+05 -8.742305905556881044e+04 -1.243970534510735160e+05 2.233436366906437324e+05 1.540491888690836495e+05 -4.795949871974579873e+05 -2.480965827226438560e+05 2.881069263595798984e+05 6.198978040002071066e+04 3.522340603389478056e+05 8.608264214137941599e+04 9.068721312380253221e+04 -1.875866482395941566e+05 -2.517275611570744077e+05 -4.602261120876208879e+05 -2.839117905697433744e+05 7.323898121637011354e+04 2.260317949916532089e+05 2.728408230996086495e+05 -3.988443600480605382e+05 7.205333300761991268e+03 1.050296764303077507e+05 4.406494557885198737e+05 9.555292657985295227e+04 -1.713477840970830002e+05 -4.253139740749022894e+04 -9.671495843516897366e+03 -1.874216098746457428e+05 -1.246335296794843598e+05 -1.033519915728396008e+05 1.417179858372516173e+05 2.324617272142565635e+05 1.418296341548352793e+05 2.028854438254259876e+05 2.183255185565968568e+05 8.581336025806376711e+04 -8.175540985130571062e+04 8.113872713245167688e+04 2.891787659615557641e+04 -2.295017622457764519e+05 3.088351734645364922e+05 4.359788400950835785e+05 -4.057501627912847471e+04 -1.783565966465686797e+05 5.097057926953845163e+04 -1.050366076344013563e+05 -2.178693141621851537e+05 -3.440178307226366014e+05 -2.316734692552037886e+05 -4.185245390311298979e+04 9.872629434466826206e+04 -2.762613568226292264e+05 8.712342812609055545e+04 1.949324284239427288e+04 -1.833553735371932853e+05
5.320857199733413756e+07 1.314782229631684124e+08 2.361820353294879198e+08 8.037606820150616765e+07 4.699724232624721713e+06 1.387240995495954412e+05 5.440730376551958732e+06 -1.725976081920710392e+06 2.252272490697579458e+06 3.907589431422947906e+06 9.231620787413149374e+05 1.684954809816580499e+06 1.336444727145544719e+06 2.177201367279436905e+06 1.665144782884975197e+06 -3.436649098349148408e+05 -6.762721566770103527e+05 -5.741378508091624826e+05 6.572943946906561032e+05 -1.860180998824225040e+06 3.500168227249671327e+04 5.736056050463428255e+04 -1.311307369181043003e+06 4.494938528356034658e+05 7.206349074353905162e+05 4.308687570676077739e+05 -3.530075499683988746e+05 5.778242847794146510e+05 5.382662199178402079e+05 9.332745746538391104e+05 3.213857759019243531e+05 -1.804115736019634060e+05 -3.536390279270069441e+05 -3.955967798165816348e+05 -9.751165116946244380e+05 -6.113836288583420683e+05 3.493884500213815481e+05 5.970733396627665497e+05 3.727035768646299839e+05 -6.958404387860893621e+04 2.933104215584248886e+05 -1.722606505133685423e+05 1.056598977387417399e+05 4.240720639069106546e+05 3.680274710535760969e+05 -9.153195777726880624e+04 -3.288538847899326356e+05 -2.178667331342546731e+03 1.615630951537711371e+05 -3.672944379748172651e+04 -1.672585264266856248e+05 -1.047005703375977464e+05 -1.724712063904659590e+05 -1.420114258089383657e+05 -1.212454416913619643e+05 2.285804376197789097e+05 -6.372148956192124751e+04 -1.237276025914231141e+05 -1.015821784880680789e+05 -3.399748396316618891e+05 -3.563969225027837674e+05 -1.335155025810561783e+05 3.581754883148126537e+05 2.129352018581367447e+05 5.355539319086452451e+04 -3.970204979175528570e+04 1.803678343307650066e+05 8.563204619366062980e+04 -4.619562428709052620e+04 -3.541520527954270801e+04 3.321148419077638664e+03 1.830985381359064559e+04 2.421672020798276935e+04 -1.808408590679406188e+05 8.547806138472302700e+04 -7.709823210118948191e+04 -2.379222152658189007e+05 -1.133538626803237566e+05 2.279283682981495222e+05 2.034102946946162556e+05 -4.199137734454753081e+04 5.479722272877681098e+04 4.280033483953241375e+05 3.209677210921518272e+05 1.230454294134562515e+05 -1.445725055240957299e+05 -3.221664841268112286e+04 -2.137038609403549053e+05 4.355361145825897256e+04 9.644244938282509975e+04 -4.181712002099418169e+04 1.166715610422467144e+05 2.811860019952772564e+04 -1.744023412008056475e+05 -1.244306691127292142e+05 -8.826649398492519686e+04 -2.596632355913700012e+05 -9.232179241717702826e+04 6.975217548148507194e+04 1.421423574301547487e+05 1.550682085899319209e+05 3.611378682281736837e+04 -1.894536795113237167e+05 -1.020354568378959666e+05 7.054108934649275034e+04 2.559171568218992616e+05 1.324192538953148178e+05 3.637240138919623860e+04 8.109749190997393453e+04 1.535771805025441972e+04 9.644372464032177231e+04 4.015748583748191595e+04 4.305121357751009782e+04 5.465744478418822109e+04 1.392690468219805916e+05 -3.430131213901163574e+04 5.549399357309631159e+04 6.901845603997130820e+04 -1.245169292572562699e+05 -7.857107187604781939e+04 -1.576786193634765805e+05 -3.404133779823603982e+04 4.142551021944871172e+04 1.100616426565951115e+05 -1.181115165352831536e+05 -3.768713186541437608e+03 -3.413648838270256965e+04 -4.805687991153825715e+04
5.531511069719623029e+07 2.237162127820631489e+07 8.037606820150616765e+07 1.502203895389760435e+08 4.571227194575172663e+07 1.022563428710773028e+07 5.817376873204830103e+06 -1.943326847572159953e+06 1.638982464831209800e+05 4.425012240112481639e+06 5.718828333435864188e+06 2.250154805706373416e+06 1.268250238632380730e+06 -6.768312488359379349e+05 8.289050664689294063e+05 1.881811939791230485e+06 7.895268799872862874e+05 -2.794931628194872173e+05 4.366440257086821366e+05 -2.353778390411765431e+05 6.589833714373143157e+05 -5.689411037410135614e+05 -1.795885885153496638e+05 1.221991583253301680e+06 4.163565354897256475e+05 -2.869125708868700312e+05 1.312322987903502071e+05 2.660994583692171145e+05 3.333113117942719837e+05 2.434490419345912233e+05 -2.210390012087936630e+05 -3.695768897628299310e+05 -8.087247771546101430e+05 -4.775141017539156746e+04 -6.833460309065514011e+05 -1.704848463261330908e+05 1.573521729313160176e+05 1.689165285425818875e+05 4.314260601504729711e+05 -8.241171247721515829e+04 -3.418640051590309595e+05 -3.290096013180229929e+05 2.595682902348729549e+05 -5.387963377782538737e+04 2.124051418928414932e+05 -2.855851927740388419e+04 3.339078834560768883e+04 -4.199162055627239170e+04 -4.763239532569326111e+05 -3.136203543611259665e+05 -2.752866633646410191e+05 -2.193762476104555826e+05 -1.876067098025057057e+05 -1.764453096420035217e+04 -1.489138148297816224e+05 -2.232479535236797528e+05 -1.232762446383947245e+05 -1.265828481732678920e+05 -2.586884693732896994e+05 -1.386116127557988220e+05 -2.270806232373069215e+05 -6.392749390886304172e+04 4.431705150478504365e+05 -8.008466629622796609e+04 -6.030607248961520236e+04 1.182356351277606882e+05 1.974093237130486523e+05 4.632109843196751899e+04 1.135765305075826182e+05 4.625102838066874392e+04 -9.600449634794598387e+04 5.750690173340947240e+02 -9.622950260958116269e+04 -2.744750657227167976e+05 -1.704174030457134941e+05 -1.059672714979424927e+05 -8.389053531143283180e+04 -2.659913088269383297e+04 2.050809847780690470e+05 1.485924808936081245e+05 -1.838170463569270796e+05 -2.990757524707858684e+05 -2.056981716174885514e+05 1.065366873788032244e+05 2.696542196641535847e+05 -3.217135351841745796e+04 3.247972286715001974e+04 1.975987057811467093e+05 2.343463766592485190e+05 4.572954420593199029e+04 1.534360913839912391e+05 2.767223782279542647e+05 1.378473551676336210e+05 1.327752969086966768e+05 -9.731986417891089513e+04 -2.936942189964706195e+05 -3.532704802237774711e+05 -1.072296795764045382e+05 1.659185824870262877e+05 1.398322363094784960e+05 5.263509689890907612e+04 7.963111670397588750e+04 3.755138928124315862e+04 6.216253451895895705e+04 7.701993615625124949e+04 7.956786831908207387e+04 3.624534671492736379e+04 8.572123780021790299e+04 -1.477404792363310116e+04 -7.896885692694976751e+04 -1.139678517506778153e+05 -1.027983198063095915e+05 -2.447331250284502312e+04 1.501660681646526209e+05 2.129143289471557655e+05 -8.721482591597424471e+04 4.465914590791813680e+04 1.759315521204760589e+05 6.711912122795471805e+04 -1.065140828213912573e+04 -4.706157789222306019e+04 2.111582692288162434e+04 9.876071987042612454e+04 2.521739886040842102e+05 8.692864138018948142e+04 7.945594026982814830e+04 1.267407509258538776e+05 1.240750440852467727e+05
4.569809507015655749e+06 2.433267428661227226e+06 4.699724232624721713e+06 4.571227194575172663e+07 9.407717299893142283e+07 3.460909478131515533e+07 6.452668636827898212e+06 -6.488394893493642303e+04 -1.801444315695920726e+06 1.167503022053471301e+06 1.846058397329045925e+06 -5.834838332997385878e+05 4.329827840593067813e+05 -9.000818651569470530e+05 1.075460289228333859e+06 1.131932781243342906e+06 1.197201030589189148e+06 4.464803192694754689e+05 8.473432527229712578e+05 5.259383036669488065e+05 8.553073153573727177e+04 2.390538507732250146e+05 1.691184901915433584e+05 7.487164145728527801e+05 1.385465423983647779e+05 -2.744880707261545467e+05 3.480811845901198685e+05 -9.577420659622817766e+04 -2.565270741349215386e+05 -4.793227076891389443e+05 -6.879180553324921057e+05 -8.409227449780669122e+04 -4.775266413145624101e+05 1.057988597878590808e+05 -8.674996845937898615e+04 -2.747633798638434964e+05 -4.726357152262727614e+05 8.291855719658736780e+04 -3.030375268492804607e+05 -6.451177145771802316e+04 3.198069674968636245e+05 -4.771497670725770877e+04 3.159581395819141762e+05 -3.717939973817663031e+03 7.479698156720483894e+03 2.733236185604308776e+04 1.018554165735976276e+05 1.102352176622185216e+05 2.833393575000200653e+05 9.594494027931860182e+04 -1.206525252678005054e+05 -3.683443962476520683e+05 1.509162668052048248e+05 6.080891902240555646e+04 -4.029434615247490001e+05 -1.814223213753235759e+05 -1.380005412497601646e+05 3.825918914071263316e+03 -7.206796977556071943e+04 -2.499845241012076440e+05 -3.905500780285136425e+05 -2.176974521239751193e+05 1.549024553242354159e+04 -1.336473111897076305e+05 -1.102310344092562882e+05 5.829349852831618045e+04 1.072041057385081222e+05 3.165912315801007935e+04 -6.676587244150665356e+04 -7.387541144254455867e+04 7.131199751040610136e+04 2.879584166155218263e+05 3.591702384220706881e+04 -3.184646574969943031e+05 -7.253256808437840664e+04 -6.033966669769353030e+04 -2.184153337726587488e+05 -1.162284100629604363e+05 -6.896351755667428370e+04 3.787641346120908565e+04 -1.064626382872126997e+05 -1.905363691891350027e+05 -1.262559293764717295e+05 1.532450462331965682e+05 4.626141118818316318e+04 -8.043190196016740811e+04 -4.880020037793912343e+04 1.236527221747493786e+04 1.117570530872242962e+05 -3.503584989166994546e+03 1.009193575426711323e+05 1.453250507240487495e+05 9.377809372863838507e+04 3.657489319321112998e+04 -7.689501945636549499e+04 -2.745297779136338431e+04 -1.979037402708830778e+05 -1.622660746136740272e+04 1.057178930605594069e+05 1.107543008750822992e+04 -2.136699469102054718e+04 5.659031916532524338e+04 -7.232038077335566049e+04 3.889767616650337004e+04 1.532489976220075550e+04 -5.664819061962566775e+04 -2.100466913726175699e+04 2.154442175494062394e+04 -5.086162939558744984e+04 -1.185306721608144580e+05 3.341868951578719134e+04 2.600530761357890242e+03 -6.510267442067683442e+04 2.701525401768169468e+04 5.101347421492067224e+04 -1.350350797125552708e+04 5.813966809118388483e+04 1.158378624230529240e+05 5.082355782500334317e+04 4.653771317278486094e+04 -6.115177800996160840e+03 4.085502701013770275e+04 4.195693052258375246e+04 4.929660358541055757e+04 6.277467155673656816e+04 9.305879738370659470e+04 3.050545602869489085e+04 4.716021961089615070e+04
2.110612303394187707e+06 -5.370082388695274480e+06 1.387240995495954412e+05 1.022563428710773028e+07 3.460909478131515533e+07 7.213158605979481339e+07 2.478452377876532450e+07 4.239775399283886887e+06 3.833583861858804710e+06 1.970935345792888897e+06 -2.525719840787014618e+04 -1.085846741189305903e+06 1.090272960383260623e+06 1.664566184463609243e+05 7.140588723039072938e+05 7.251574046175049152e+05 9.109041622535029892e+05 9.870310279379533313e+04 -3.915379686810565763e+05 1.494843345837511355e+06 8.993806865281220526e+05 5.275422766755135963e+05 -2.243414926169304526e+05 -5.146355443027209840e+05 -3.144909670349864755e+05 -3.457849111727890559e+05 1.394016299604117521e+05 1.834357769473644148e+05 1.177994102900852013e+05 -1.465178353232006775e+05 -3.020221934324459871e+05 2.690141652908942197e+05 -5.272335642722444027e+04 -1.695831731783451687e+04 -1.099244735717060830e+05 -3.859356780929131201e+05 -2.601158413579569606e+05 1.343695391892970074e+05 -1.293024733738627983e+05 -1.695316443582696375e+05 1.868717101210104593e+05 -3.042144741295759377e+04 3.844423259962634766e+05 -9.625973744092027482e+04 -1.300732192286831851e+05 -3.088783192762783146e+05 -5.491618619094342284e+04 -8.756338254681212129e+04 3.863770429974121507e+05 2.544919489315850660e+05 3.925059663935920253e+04 -1.724478539839383157e+05 7.523091339037816215e+04 7.717110241659353778e+04 -4.972049245023144067e+03 -1.422039266208155896e+05 -1.315780672462673392e+05 2.430313998373416780e+03 -5.789409371981423465e+04 -2.640833703615253908e+05 -1.980911148043193389e+05 -1.348269734545612591e+05 -6.516452488387125777e+04 -1.135811856377720687e+05 1.802541487281165246e+04 -5.315747137948294494e+02 -1.058058303340663588e+04 3.726022854589066264e+04 5.907252772460776669e+02 -1.394172270955278073e+05 9.449868064319020777e+04 2.484765687230272306e+04 -2.155790008571561193e+05 -1.764112709493534057e+05 -1.018800980403032008e+05 1.142291166876547213e+05 2.838233044392340162e+04 -1.623361751540778787e+05 -8.099690066603409650e+04 1.221166069712584067e+04 7.135790048101245702e+03 -3.884065237402945058e+04 -4.374148620768280671e+04 6.964917631748606800e+04 3.542458159384004102e+04 -5.114386164137106971e+04 2.083154102935769333e+04 7.658722831864032196e+04 5.442604792139017809e+04 -1.165650469480245811e+05 -1.540926426141929405e+05 1.093101863028177322e+05 8.452891838205567910e+04 -8.392642276451317593e+04 -7.201209915005810035e+04 -2.012341007455485669e+04 -4.821085438426953624e+04 1.276039234462928289e+04 5.830768266625317483e+04 -2.474293214960757541e+04 -5.693462098064605379e+04 1.387883792760573269e+05 2.929233247983051479e+04 7.298811643839282624e+04 1.142283501038750110e+05 9.452705061225316967e+03 -8.788130881522181880e+03 2.783483205815311885e+04 -6.015548467273137067e+04 3.679176097442258470e+04 1.174596217049688858e+05 1.192704618396515725e+05 -1.116909361270710360e+04 1.055099487012393365e+05 7.065225180597229337e+04 -2.333891473967841739e+04 -2.684189259952697830e+04 6.311376487716680276e+04 5.436577595564227522e+04 9.066274625122016005e+04 3.265659299233493221e+04 6.350527732735698009e+03 7.282553793022104401e+03 -8.767163651005323572e+02 3.262996500991645007e+04 1.346022426418800751e+04 3.237880495459095255e+04 -6.682610749925066784e+02
9.637705517282005399e+06 3.972179370253911475e+05 5.440730376551958732e+06 5.817376873204830103e+06 6.452668636827898212e+06 2.478452377876532450e+07 5.032777950485023111e+07 1.791212380064998195e+07 2.976952978134629782e+06 9.594131530888680136e+05 1.693284760583001887e+06 -3.268367566142843771e+03 2.064142601808239706e+06 1.110707555492002750e+06 1.092193708661705954e+06 1.343385541905719088e+06 3.933650861156075262e+05 -3.818706025722010527e+05 -4.208589782904453750e+04 1.829237079399795912e+05 -3.578446760463396204e+05 -2.783435224727899185e+05 -1.582136408353924053e+05 -3.060872558123192866e+05 -6.249696742093875946e+04 -6.450537431785168337e+03 1.705684232662464201e+05 -1.256536114523731667e+05 3.017950978834684356e+05 1.187128207120001462e+05 8.976073972952319309e+04 2.613554345396626450e+05 -2.919642672604128893e+04 -3.815200085063507140e+04 -7.066482349613212864e+04 -3.357071284670002642e+05 -6.369273323875647293e+03 3.152717453355556063e+04 2.823957367369242129e+05 1.370798908480104874e+05 1.935339078539275506e+05 -9.077588185344373414e+03 1.481609267923272564e+05 2.753219717701123955e+04 -1.282878260735449439e+05 -3.555337840735220816e+05 -3.340237945780986338e+05 -4.564857262359478045e+04 7.458225761847419199e+04 -7.292185483343242959e+04 -7.121843365205109876e+04 -1.321379680284704664e+05 1.062389289833302610e+05 1.025574470940462779e+05 1.215537665502378513e+05 -2.783230487422054866e+05 -2.716165214546544012e+05 -1.524902198142184061e+05 -1.206669243203763763e+05 -1.383672094615243259e+05 -6.477936791865303530e+04 7.359252460732974578e+04 -6.116572395270872221e+04 -2.434936481200058915e+04 -1.985136372083056267e+04 5.159810495067219745e+04 7.708253157784150972e+04 3.077704188704117041e+04 1.564078338153558434e+05 5.437131323852123751e+04 2.402553902388630377e+03 4.272098011542364475e+03 -3.575554814734508545e+04 -6.111208415307208634e+04 -8.708194905105864746e+04 6.120649263131368934e+04 8.181805928177206079e+04 -1.446015974956906575e+05 -5.385561533411947312e+04 -8.764838798177365970e+04 1.482190537138732179e+04 6.426844830941254622e+04 -6.251651616456891497e+04 -6.970626390099787386e+04 -3.046997911057400052e+04 -1.833985978855076246e+04 1.061968783378170483e+05 3.719989814831225522e+04 -2.982526102997310954e+04 -1.060060362671047187e+05 -5.366615686661133077e+04 6.922160033079425921e+04 2.594415028527918912e+04 -8.288734708012927149e+04 -3.455057502493153879e+04 -3.035483671691093696e+04 -2.406552818926397595e+04 -6.330355555477477174e+04 2.487272413082789626e+03 -3.321412598863380845e+04 -6.975807112156189396e+04 9.739609424639989447e+04 1.075170174111887318e+05 4.899969843418455275e+04 1.026639044776035153e+05 6.927592593031073193e+03 -4.939811740668720449e+04 -1.994628691092982262e+04 -3.538301884427030018e+04 1.201243143696325888e+03 1.941272987172888679e+04 -3.843816931912419022e+03 4.023888396100414298e+02 -5.741129517848749856e+03 1.926129763578653728e+04 2.948623162471945398e+04 -9.297837431100109825e+04 2.596597095957106285e+04 -1.737362767604764485e+03 2.232508741437668141e+04 3.190835341155251444e+04 7.302914483662483690e+03 -6.783176488632784458e+04 2.058379235064482600e+03 -1.886534615468600168e+04 6.645458874293492045e+03 3.155416634637747484e+04 -8.216664132324151069e+03
2.676820492120845593e+05 -1.541875458757555345e+06 -1.725976081920710392e+06 -1.943326847572159953e+06 -6.488394893493642303e+04 4.239775399283886887e+06 1.791212380064998195e+07 3.798445577078632265e+07 1.423811145000223070e+07 2.466774989628637675e+06 5.394728287710968289e+04 -8.627442806771115866e+05 8.950799170273506315e+05 3.981316508533913875e+05 7.592996201593901496e+05 1.604787362816158216e+06 3.716271027904641815e+05 -3.005934635215329399e+04 5.933951296657292405e+05 1.064273691488555633e+06 -2.258322038262882415e+04 -4.122710617001007777e+05 3.807719228741506813e+05 4.565704043457733351e+05 -1.586121236337766750e+05 2.599732902313839004e+05 1.708958112572448736e+05 -1.552605980634496955e+05 2.145485430168416933e+05 1.459528150217271468e+05 1.189139765005683876e+04 -1.851364879474922782e+05 -2.540698020680535119e+05 -4.035058547305434331e+04 7.094703683574916795e+04 9.007484667711003567e+04 9.429256261233236000e+04 -1.037504629725963459e+05 1.752733638694858819e+05 1.616304943516878120e+05 3.175077820048794965e+05 -1.198824912837708835e+05 -2.885280406219212455e+05 -2.360434941305902612e+04 -2.729581670648753061e+05 -2.205939502660337603e+05 -7.369179850841235020e+04 7.232425369209796190e+04 4.983320479257356055e+04 -1.782596956344521095e+04 -5.114101659609826311e+04 -2.205949042923660454e+04 -3.175131005155349339e+04 -3.532862346524101304e+04 9.168018299505091272e+04 -1.955382711501104059e+05 -1.824238062683316239e+05 -2.000438976144194894e+05 -2.510470491415031574e+04 -2.535065486418704677e+04 -1.015194964225943295e+04 1.104627866304205527e+05 -5.016395460132696826e+03 1.137375357865938859e+05 -2.190700809359314007e+04 -1.219032262542643730e+04 2.628024782287972994e+04 1.083317593734089751e+05 1.307516997956151754e+05 1.543372418923884397e+05 8.004926615367025079e+04 -9.624039871729849256e+04 -1.105353952144989853e+04 2.419113246033313771e+03 6.178025700235128897e+04 1.568988416177187901e+04 1.217592836492891365e+05 1.269471617251329444e+05 1.016515217226875538e+05 8.336752577889234817e+04 -2.067390962663039318e+04 8.443624333218333049e+03 -8.095386594733929087e+04 -1.215937049073787784e+05 -4.461845483311190037e+04 -4.402021806035567715e+04 -4.785737770077314781e+04 -9.715089731449422834e+04 -1.217376070571735327e+05 -4.837101270525411383e+04 9.042919035076290311e+04 -2.708979489773988826e+04 -7.609401425465155626e+04 -1.281647521148999513e+05 -7.441895487538722227e+04 -3.579225304357260029e+04 -4.692038369222827168e+04 -2.108828679438701511e+04 5.532131219381332630e+04 -9.237997774515000856e+03 -1.384618305590240425e+03 3.765076035119633389e+02 3.406436825195193524e+04 5.151484616517052928e+04 8.553838342811945768e+04 -6.800023177458441933e+04 -9.584213894058309961e+04 -2.615186193960250966e+04 1.855285614445888496e+04 3.102399338791517221e+04 -7.078867524194056750e+04 -1.255148364478584263e+05 -1.116079563405064255e+05 -2.390388797149440143e+04 6.851337958244820766e+04 7.766960710616120195e+04 3.683004466726413375e+04 1.745159147773231598e+04 1.138937683689050937e+04 4.128536295338923810e+04 -8.039421297712366504e+04 -1.190355863377580681e+04 9.131572571959235574e+03 1.472324967455379920e+04 -4.104256053183005133e+04 -8.633369642119125274e+03 -3.081503222056098093e+04 -7.358532839607316419e+04
-4.302763117224490852e+05 3.110631619184943847e+06 2.252272490697579458e+06 1.638982464831209800e+05 -1.801444315695920726e+06 3.833583861858804710e+06 2.976952978134629782e+06 1.423811145000223070e+07 2.996463503820702806e+07 1.144312395588304847e+07 -2.401912291680915587e+04 3.741715347722475999e+05 1.275181095761414384e+06 3.139288382340358221e+05 3.425799908142554923e+05 8.659794116072466131e+05 2.153431799261899723e+05 -1.749908555967911670e+05 8.193027837887286441e+05 9.547660905349168461e+05 9.604119017523714865e+04 -3.985451810891787754e+05 -2.338121683701214206e+05 3.454443120473033050e+05 1.271381698755110265e+05 3.752196150266705081e+05 2.927183585285249865e+05 2.813384305451838882e+05 2.555695460722483404e+05 8.469334872922446812e+04 -1.810332712914345029e+05 -1.290356449697642674e+05 -5.289102443734770350e+04 -2.332854233861930261e+05 -1.669710999772775394e+05 -5.438040476211498753e+04 2.045279391939461493e+04 -1.346667767501021735e+05 2.500682873667524109e+04 -9.136459891376782616e+04 3.727370258512275177e+05 2.215330534995844064e+05 -1.232727859059524635e+05 2.306532076387495181e+04 1.195158568553283112e+05 8.797332900597750267e+04 -2.728893288387893335e+04 1.887759737293955914e+04 8.236597254182776669e+04 -3.510026159752030071e+04 -3.501634897050962172e+04 1.681899859642361698e+05 -1.305495313051408993e+04 -1.830339740303493818e+04 2.586908201318561041e+05 1.183286672571702802e+05 -1.752527872654953098e+05 -2.482947182924968729e+04 1.523169504221275856e+05 1.428267160474517441e+05 1.272160653821889573e+05 1.141298138828905794e+05 3.284739237127203523e+04 6.009926660603019263e+04 -1.234941137440461898e+04 3.293622919169886882e+04 5.681023889792358386e+04 1.666549644404970459e+05 2.181844978703882080e+05 1.285742328062621818e+05 6.719126870985350979e+04 -6.013423420298885321e+04 -6.328872304249999434e+04 1.486835339409121843e+04 9.558839207649654418e+04 9.804318313303252216e+04 6.431205244565482280e+04 1.233726526875357231e+05 8.371707508337812033e+04 9.445500714704644633e+04 -6.708789138144451135e+04 4.573422752261115420e+03 1.177086188320179099e+04 9.073723546959619853e+04 2.956545615146364798e+04 -6.347493570693125366e+04 -2.127360940046666292e+04 -3.962794731451246480e+04 -9.033421897215372883e+04 2.995945297837123871e+04 1.058422238829185808e+05 7.932808196346474870e+04 3.198850913135017618e+04 -3.099273544292990437e+02 4.674079251186399051e+04 7.356235846865002532e+04 3.765020312071783701e+04 -4.845156400419190504e+03 2.673956404715414828e+04 2.268504485131774345e+04 1.107317782403531310e+05 5.069342851057933876e+04 4.845705609012170316e+04 6.864672994344876497e+04 4.556137032932524744e+04 9.000498121653683484e+03 1.134174191047306977e+02 5.255196358825478092e+04 -2.198147479572376687e+04 -4.803052652162231243e+04 -9.930938857951421232e+04 -4.108257309296077437e+04 -1.014639023308724404e+03 7.576462518992123660e+04 9.385586427220067708e+04 1.235760941938730684e+04 -4.883169841468064988e+03 8.494550389249590808e+03 5.390854950306538376e+04 9.058269493043847615e+04 -3.421379404225918279e+03 -8.318924786445060818e+03 3.643648958534206758e+04 6.386561893422268622e+04 5.075454933122390685e+03 -5.154076587564873080e+02 3.253610503595434056e+04 -1.447104707383263121e+04
-6.431905349160259590e+06 -1.325237444084000541e+06 3.907589431422947906e+06 4.425012240112481639e+06 1.167503022053471301e+06 1.970935345792888897e+06 9.594131530888680136e+05 2.466774989628637675e+06 1.144312395588304847e+07 2.475540983491766453e+07 8.826134172435803339e+06 9.792538057663409272e+05 9.651625499319497030e+05 -9.876269994332944043e+04 2.638824363663372933e+05 6.289017050738201942e+05 3.645508413151189452e+05 -2.731090363655753317e+05 1.996009993286906392e+05 2.375211028770142875e+05 9.495110512912886043e+04 2.084639754745015816e+05 2.357241345621159708e+05 3.296853956712157233e+05 -6.282177494984293844e+03 -2.465763600022268656e+05 -4.273379292359248502e+05 -1.810847015983674792e+05 -2.334054709455639750e+04 9.256301154125233006e+04 1.993361637660207925e+05 1.634706441375136492e+05 -4.250091201841992006e+04 -3.480444997775703087e+05 -3.554014515767169651e+05 -2.918266087765810080e+05 -1.906691508612807665e+05 -9.072710300143329732e+03 1.677354241689309420e+05 7.565922269011187018e+04 1.024613255009308486e+05 -8.962814360214139742e+04 -1.376491114554170927e+05 -1.497095679163252062e+05 1.171264857559369557e+05 2.279406774335583032e+04 -1.481846899920297437e+05 -4.803185600362982223e+04 2.472796523899408057e+05 -4.045072296250279760e+04 -7.525609659164938421e+03 1.786324132353731547e+05 -5.518740575168992655e+04 -1.355953359870162240e+04 7.512516683449044649e+04 1.009156873063963940e+04 -1.249559978464344313e+05 -7.631894337036846264e+04 6.636998761270217074e+04 -4.300973448583632853e+04 2.242011935871990499e+04 -2.241869590771041840e+04 -2.596923955052369638e+04 -6.911188109353298205e+04 -1.242228410664962721e+05 8.611063306875039416e+03 -3.718350573499135498e+04 1.133604402342200956e+04 8.591354189171834150e+04 8.613392746020188497e+04 -3.594727180709747336e+04 2.450611068633728792e+03 4.823397948341326264e+04 1.034477736045032798e+05 -6.367439027652661025e+03 3.644047731028374983e+04 8.140452969773985387e+04 8.332606921811311622e+04 1.689200126092685387e+05 9.654720489557745168e+04 7.225608769350340481e+03 6.715315886166348355e+04 3.418530760499929602e+04 5.231623104993739253e+04 2.246143094287916028e+04 3.847385075914023764e+04 1.184316203576280714e+04 4.208579874109679076e+04 1.973717013326155211e+04 5.628625946010496409e+04 8.927991396672131668e+04 1.036302243807698687e+05 6.511493279808564694e+04 1.281465044870454585e+05 6.027047036599202693e+04 1.228450612370319286e+05 1.163977056726104202e+05 9.869119539815722965e+04 2.835663686258464440e+04 -5.298056205188263266e+04 -3.592102203028744498e+03 -1.075584649412745239e+04 5.723532877964636282e+04 4.728630960435851739e+04 2.516970569168046859e+04 -1.477974899842207560e+04 5.133631594500050414e+04 3.441240954659321233e+03 -1.318935713624946220e+04 -6.975188124597727438e+03 -7.310068318705380079e+04 -7.289724372544077050e+04 -2.497983119782862923e+04 -1.708728499964067305e+04 -5.297523265128255844e+03 -3.710752266684271308e+04 -2.734933179274549389e+02 4.338315567690617172e+04 4.478305368402761815e+04 5.766643752225932985e+04 2.470790175131481737e+04 -1.604050472320981498e+04 -8.451385994111647960e+03 2.752160639225283012e+04 2.037919382440615300e+04 -1.222924380028852829e+04 -1.921808329413428874e+04 4.186612641246782005e+03
1.390480272606829822e+05 -6.882432420572123956e+05 9.231620787413149374e+05 5.718828333435864188e+06 1.846058397329045925e+06 -2.525719840787014618e+04 1.693284760583001887e+06 5.394728287710968289e+04 -2.401912291680915587e+04 8.826134172435803339e+06 2.018333471353631467e+07 7.189749263707505539e+06 1.339768367095604306e+06 3.785038314890743932e+05 4.697888697636602446e+05 9.200498724985765293e+05 2.772741032676012837e+05 -3.832574967486818205e+05 3.039566806801735947e+04 9.044091142664995277e+04 4.612414871549195959e+05 5.582953073984473012e+05 1.385557445919650199e+05 2.749339054772673408e+05 8.717711771877728461e+04 7.136170197860215922e+03 -1.456548164876638912e+05 -8.207680995262887154e+04 -1.201149379333000106e+05 4.487338693310174131e+04 1.135995905651566572e+05 3.678835428488211619e+04 5.439916675570604275e+04 9.211468108156185190e+04 2.213584332053739854e+04 7.679851949683573912e+04 -3.640054205485820421e+04 -4.202141122799558798e+04 9.563450674676903873e+04 1.784074814227604365e+05 -1.283372202874768846e+03 -4.123273464923302527e+04 2.232631305076425633e+04 -3.531673734784615954e+04 1.198599968121636630e+05 -3.140354358813121507e+03 -2.173452718334295205e+05 -5.911341913107513392e+03 9.375887390602201049e+04 -9.895937899205555732e+04 -2.034270803231753816e+05 8.336047250132902991e+04 -9.270234217917869682e+04 -3.168900249304605313e+04 2.766062610634233715e+04 1.784983298871256557e+04 7.418336826199499774e+04 8.685529090659481881e+04 1.129673191406488186e+05 6.568394667273708910e+04 4.395129397710925696e+04 -4.774438304936458735e+04 3.313916654754277261e+04 1.245870905934545881e+05 -2.412856061332707395e+04 -2.643651779018789512e+03 -5.324125712051605660e+04 -2.812012849569066475e+03 1.103393576580828230e+05 1.653899745739792997e+05 2.300626723491752273e+04 7.134232115569645248e+04 5.797480529396216298e+04 1.035296843449837179e+05 -2.799554925825128976e+03 1.121472845160623365e+04 2.152354081391152795e+04 9.403055263912853843e+04 1.059882403614221112e+05 2.911792733147555919e+04 -4.461482954033149872e+04 -2.691437178581900298e+04 1.305619916116920103e+04 5.555112558656044712e+03 -1.206515005892416229e+04 6.852760901034614653e+04 7.680308855549256259e+04 6.798434564108306949e+04 9.394454839306467329e+04 3.218947184662483778e+03 2.705340839727894490e+04 -2.548760325295183793e+04 -8.522797144030615527e+03 4.051348118047283788e+04 1.010141464726462254e+04 -2.564556284540927300e+04 5.639367018683786591e+04 1.379216517990065768e+03 -7.997087939135235501e+03 8.648144029014702028e+03 -3.410946233203567681e+04 -3.264046659805781019e+03 2.018666122574080146e+04 4.276199017422235920e+04 1.222691046834132430e+04 -4.599342530984820769e+04 2.291685208557392616e+04 -2.838583960995360485e+03 -2.619058391922880037e+04 1.206850681438959691e+04 5.483785430731758242e+04 3.675839044348041352e+04 -1.709240028178803914e+04 1.763402975675381822e+04 -9.994487297442184115e+01 -3.151237720443253056e+04 2.038261552024924458e+04 3.265449811873230647e+04 2.542206082234532732e+04 3.345969802925901604e+04 1.539997379904624177e+04 -5.486830595727253240e+04 -4.656782869694560213e+04 2.646227480802717037e+04 4.912581678168768121e+04 3.619743116780881246e+04 2.902914350920992365e+04 -1.808374065243546283e+04
4.878234088854007423e+06 3.246201149125737138e+06 1.684954809816580499e+06 2.250154805706373416e+06 -5.834838332997385878e+05 -1.085846741189305903e+06 -3.268367566142843771e+03 -8.627442806771115866e+05 3.741715347722475999e+05 9.792538057663409272e+05 7.189749263707505539e+06 1.585236767883152887e+07 5.913273468137136661e+06 1.050308676710236818e+06 4.078989757617032737e+05 2.500036391472825926e+04 -1.172740800730943447e+05 8.924461137625819538e+04 -2.066444389199477446e+05 -3.741326721225345973e+05 1.858882719173266960e+05 3.412257512062945752e+05 3.011513509621919948e+05 1.177955411466385995e+05 5.088838478413523262e+04 1.208768770452057070e+05 -1.126626224909192242e+05 1.305793388461808208e+05 7.772314442228853295e+04 -2.996868276905053790e+04 -2.388082559907527175e+05 -2.937096587111012777e+05 -4.940782460245397488e+03 2.851708563091904216e+04 1.196206532157891925e+05 1.252119323450594966e+05 -3.825978524253873184e+04 -1.038763325360021990e+05 1.499291219820386323e+04 8.583490543327525666e+04 -1.209896847554415435e+05 1.617448654186176827e+04 -1.616724865823656364e+04 -3.889600001791367959e+03 7.974412120881253213e+04 2.954499795524566434e+04 -1.330529386545427842e+05 -7.880350636810333526e+04 -3.770064520650306076e+04 -4.817405784560214670e+04 -8.797707239409539034e+04 4.595190338119165972e+04 1.264370481330162329e+04 3.814703524023986392e+04 8.460708909081091406e+04 -7.679269297320382066e+03 2.951487252739317410e+04 1.239214174949799781e+05 1.244588836433877150e+05 1.273652886536057194e+05 5.457093098119305068e+04 5.552047071092998522e+03 9.746184581051318673e+04 8.428362550598915550e+04 -5.492224731362931323e+01 -3.036194479535146456e+04 -2.988468033491752067e+03 -5.709022146033871650e+02 1.570317801481419592e+05 1.393470233835727267e+05 6.157512951789663020e+03 4.918728409611788811e+04 1.766763137631897189e+04 2.252451388067830067e+03 -2.656658652349887052e+04 -4.168182442555759917e+04 4.202995363021663252e+03 1.849737930237308683e+04 -1.965075403204830582e+04 -1.333401151122762531e+04 -2.090844279972549339e+04 -1.558216560810889678e+04 4.636479430446025071e+04 4.168965523711042624e+04 2.158862802629349608e+04 4.499926142266671377e+04 9.004943589060867089e+04 3.927963243554060318e+04 4.034330779800635355e+04 -1.413270182193827895e+04 3.405114821213940741e+04 -4.328485064423949552e+03 1.856040026868965651e+04 -5.632309660515251016e+04 -8.633188323361564471e+03 2.065931531854972127e+04 -2.440744467897768845e+04 1.564424616849926224e+03 -2.270131890767501318e+04 -9.245807391421840293e+03 2.144311055079824291e+04 4.571925376167132345e+04 4.346714771421188198e+04 9.980847837616309698e+04 1.518743964642869105e+04 5.650715767161545955e+04 3.207853584546058119e+04 6.063891556344894525e+03 3.790961488520207058e+04 -6.761761315791256493e+03 4.957834117285104730e+04 1.623931299179433336e+04 -2.986126006235056411e+04 1.108052322661798280e+04 1.458992318750330560e+04 -3.365840102489132551e+04 9.928665599144652560e+02 3.826915201606285700e+04 5.220517395782420499e+04 4.583088105185463792e+04 1.427748168146315220e+04 -1.435330335305393055e+04 -2.137017842843751350e+04 1.799162498565716305e+04 -2.739612348709926209e+03 2.834276282916325363e+04 -1.520438208329703400e+02 2.119094886086264182e+02
