1.310676508197647810e+09 5.890940805518513918e+08 6.260069084834556282e+07 1.810711477595511824e+07 2.697530866002486646e+07 8.783728834861870855e+06 9.148903701319990680e+06 1.683989543933379278e+07 -5.434466546262784861e+06 -4.008714984677205794e+06 1.233119056666411692e+06 -4.934062310383752920e+06 -2.548417348162422422e+06 7.264734360889879987e+06 6.366509429442150518e+06 4.554425459403041750e+06 2.708722494329020381e+06 4.265190154718850739e+06 -6.381372688876072643e+05 6.808105444639706053e+06 1.835434576517791254e+06 -4.912700637041841401e+05 4.913981991756766802e+05 -2.060362733753090957e+06 8.196020477435217472e+05 2.475054419553542510e+06 4.480572018612664193e+06 1.012682032570526004e+06 2.914115602420655545e+06 7.735034790208019549e+05 -1.551930411547267577e+06 -3.948579487632509321e+06 -1.507737889148231829e+06 -2.036308263379652519e+06 -4.743726261574912351e+05 -1.970979902807469713e+06 -1.605352079793798504e+06 -5.569966961837803683e+04 -9.466335194189122412e+05 -1.335411385253713001e+06 3.466682015590135707e+05 -7.485492205269188853e+05 1.296962770811771741e+06 1.342219301058578305e+06 1.001307537377084023e+06 -4.992692546925234492e+05 1.005966282541565743e+05 5.256510161831233418e+05 -3.918276040034172474e+05 7.121544054775962140e+05 1.384977202494387981e+06 -7.066805800853908295e+05 1.487920581285077496e+05 9.501351180400606245e+05 1.681590614002143266e+06 1.449141388548739022e+06 -8.700714214686030755e+05 1.267109923290069215e+06 -3.705687203878852306e+05 9.554937600312680297e+04 2.758613454805784859e+05 1.189183171139151091e+05 -6.463644006139141275e+05 -3.317131698711099452e+05 -1.032005705226772581e+06 -4.893346161903288157e+04 -1.665386829478880623e+06 -8.458785777259242022e+05 -5.138753113594122115e+05 -6.856582498160068644e+04 5.245452466088752262e+05 -7.842478772482409840e+05 -7.689146922383115161e+05 6.750567215533499839e+05 -2.608685530671414017e+04 1.550802953513083921e+05 -2.442388310177415260e+05 4.771444264885337325e+05 -6.415880519498641370e+05 -4.625013188605924952e+05 -8.314320268569205655e+05 -4.589461367187938886e+05 2.690544198585071717e+05 5.130114191528630909e+04 2.042452677284789970e+05 -3.911861703272542218e+05 -8.744786983066579560e+05 2.555079032197358320e+05 3.555140445356928394e+05 -6.473838579631707398e+05 -1.326225703658676066e+05 2.644295351485990686e+05 -7.847313740432105260e+05 -1.231726328627278854e+05 -1.960030699372238596e+05 1.517289225009142247e+05 -9.249317679792304989e+04 2.243130966935477336e+05 1.054235634806722373e+05 -5.735159761069458909e+05 -2.090100737452730536e+05 3.083790641073430015e+04 6.092245525481159566e+05 7.036856487167000305e+05 2.199817531936498199e+04 2.152510811267378449e+05 -2.662181005164545495e+05 -4.750732420716201887e+04 7.198424029660105816e+02 1.056435766989232652e+05 4.662943804380141664e+05 7.312908643799941055e+05 2.942761748380889185e+05 3.364179672015740070e+05 3.774600841726886574e+05 1.929088864474725851e+05 9.244061474628449650e+04 5.502988571366004908e+04 -2.693035570995758171e+05 -2.692599310648558894e+05 -4.757775552819980076e+05 -5.420750258509595878e+05 -8.982797352481212874e+04 -4.621828500245825853e+05 -7.771471416871566908e+04 -6.633819470487824583e+04 8.898363979459862458e+04 3.143338091070568189e+05
5.890940805518513918e+08 8.240589278587229252e+08 2.042072704347127378e+08 3.791634148945830017e+07 1.958094228367654607e+07 -6.697060391276692972e+05 7.510306798469556496e+06 1.169021984773388691e+07 -3.195305284719533753e+06 -3.700925447044163011e+06 2.306376829444400966e+06 6.642058617106177844e+05 1.516064807832805440e+06 2.914834065201442223e+06 1.234917389394653728e+06 -1.417750944945841562e+06 3.970787199628376868e+06 3.097817527245753910e+06 -2.000491538802907235e+04 3.501913474406268913e+06 1.508548960122088611e+05 -2.551559837442809716e+06 -1.600669345240971074e+06 8.041646702518749407e+03 -3.627633343339668936e+05 7.641078465781969717e+05 1.243862411278148415e+06 -1.176787109887165570e+04 -6.970307233502691379e+05 -1.408078489410466980e+06 -5.238962178022715221e+01 -1.359295705282005016e+06 -1.313086339272500481e+06 -1.592584216927135130e+05 1.257321007669338433e+05 -1.094907171499137534e+06 7.896180664269238478e+05 2.249242616280334536e+06 -8.129750972534753964e+04 7.436970668938484741e+05 6.071312944906831253e+05 -2.222967637582171301e+05 1.535705184326280141e+06 1.417237073441141518e+06 1.109442998062840343e+05 -1.274836425839986652e+06 -5.479699419887377881e+05 -9.416364041063665645e+05 -1.109661338357619476e+06 9.050656971863034414e+03 1.116048373878163053e+06 -8.868149434903582733e+04 6.036069388287992915e+05 5.240963106229926780e+04 5.328394333844942739e+05 6.401262454171176068e+05 -5.448502516330276849e+05 1.523010435955374502e+06 8.445457752916727914e+05 1.215336162563554011e+06 6.478413795509746997e+05 6.014741303748433711e+05 8.386734765135137422e+04 3.213173010885906406e+05 2.039283784708186868e+05 -9.461161908892763313e+04 -3.020421402902602567e+05 3.912555147379439586e+04 3.753658364225507248e+05 4.405164477657927200e+05 5.981879601868132595e+05 -1.575232836180420418e+05 -1.373474995731272502e+05 4.231558313854786684e+05 5.591225882691597690e+03 -4.801588316639539553e+05 -2.724841886480675894e+05 -5.332223660391708836e+05 -1.657482454101559415e+05 4.935293502004968468e+04 -3.884447738246624940e+05 -1.817681952057712806e+03 3.815557053045438806e+04 -5.045632129149070824e+05 -1.338000246139281953e+05 -1.590328327389702608e+05 -2.669365369707004866e+05 4.746974740549360868e+05 4.782909667246618192e+05 -2.183537969431382080e+05 3.385975971515396377e+05 5.934686074295383878e+05 -1.950037649277023156e+05 2.317481083864726243e+05 1.279073074006349925e+05 1.321172758805507619e+05 -2.522890881595672399e+05 1.799263704132121929e+05 1.565618351553562097e+05 -2.636039356020122068e+05 2.193105291254352778e+05 -5.185470161687548971e+05 1.993170358996473078e+04 3.459458573366884957e+05 -7.247917015849797463e+04 5.233215268508135341e+04 -2.467185987119462807e+05 -5.714694295424538723e+04 1.294981738609601307e+05 -6.676913505117958994e+04 2.615177366547979182e+04 3.044239325153232785e+05 2.111862150138597353e+05 1.775675953748311731e+05 5.871988342992229154e+05 2.818501147568577435e+05 -3.192057916864196159e+04 9.199917160892998800e+04 -5.336014002856687875e+04 1.696860800347294207e+04 -3.931230970709807007e+05 -2.951359307668837137e+05 -4.128473943778574467e+05 -4.517483308793107863e+05 7.415954979564968380e+04 -9.784243672793552832e+03 8.123811164315220594e+03 1.913775501716873259e+05
6.260069084834556282e+07 2.042072704347127378e+08 3.288246013578798175e+08 1.078610556582434475e+08 2.887671171236426756e+07 1.266860588297170587e+07 7.702104867942886427e+06 6.364694817178715952e+06 -3.373196066470969236e+05 -1.275828191064398969e+06 4.079356330614379840e+05 1.040366688871766441e+06 2.393277359765272588e+06 1.625329103075923165e+06 1.079676697906962829e+06 1.451247486407988239e+06 2.036009460587751586e+06 2.515063768573104404e+06 1.541442174843662651e+06 3.663066163549769553e+05 6.452522014303451870e+05 -1.740053188618199201e+06 2.581438409321604413e+05 2.085283422013680218e+06 2.448161341834888794e+06 1.688663508578144712e+06 9.904388741387560731e+05 -8.185153705232900102e+05 -7.646608820733042667e+05 3.891791095268778008e+04 1.633236311045086244e+06 3.524918176977697294e+05 -5.383916415457184194e+05 4.166746078083350440e+05 5.004950355727563147e+05 2.870781007180719753e+05 1.128103774097072659e+06 1.234141090333910659e+06 8.805308965984485112e+05 3.638388750940738828e+05 4.751398625496365712e+05 3.619242620524818776e+05 6.674708247457589023e+05 4.344377126397301254e+03 4.187141120663009497e+04 8.264883803007201059e+05 5.246568080853109714e+05 -2.703077595500911702e+05 -6.601841076302736765e+05 1.310582811813123117e+05 1.078865004105786327e+06 1.444000537162409164e+06 1.421608329428936820e+06 7.866004400805956684e+05 4.932629666649646242e+05 1.545772757731108286e+05 -8.260287896520250069e+04 3.997171875420353608e+05 5.365764698987101438e+05 3.430558761050659232e+05 3.972576319759949693e+05 6.268197487061554566e+05 4.663529536361050850e+04 -3.037899996269199255e+04 2.305506869496126019e+05 2.113369470646916307e+05 -3.299193041730878031e+04 2.116843144979528734e+05 3.069691216892836965e+05 -7.835852413806992990e+04 4.874390596299406607e+05 2.732922285010769265e+05 7.015591528738735360e+04 5.024757172838283441e+04 -3.836662713827739208e+04 -1.092804355976956867e+05 2.214069184435870266e+05 -1.596730814178090950e+05 3.104038336259359494e+05 -1.557497771402129147e+05 -1.302687557803825184e+05 3.964202639960992965e+05 -1.045211397186452668e+05 -3.275510958729017875e+05 5.640374322581981687e+04 -1.614669128831223934e+05 -1.616877454272979776e+04 2.596797428704373015e+05 7.297544921401006286e+04 2.014810052276562783e+05 3.284734451159866876e+05 1.688009347422239371e+05 -2.464735248949240195e+05 -1.408576583830202289e+05 2.122816282091911417e+05 6.858840130808933463e+04 -3.333550333093244262e+04 -5.385512352436650690e+04 3.008154842463912792e+05 -8.194687575567362364e+04 -1.598793842249378213e+05 -4.005861348034654511e+05 6.328563588896699366e+04 9.940853337802004535e+04 1.069980867637756310e+05 3.592280859433961450e+04 2.578773510080018314e+05 2.031019171871563594e+05 -5.903558775450210669e+04 -7.753844804154802114e+04 7.707995498618851707e+04 7.677782611655356595e+04 -1.766322270982136833e+05 9.178085339120497520e+04 1.988906564881397644e+05 7.088598919011597172e+04 -2.270875199889304058e+05 2.860687560651634340e+04 1.618718152191217232e+05 3.379703150449452223e+05 7.297157897962663264e+04 1.078901770590466185e+05 9.610855896254470281e+04 -1.540939793808108952e+05 2.186511267026001879e+05 -9.498460182059368526e+04 -1.254199097181682446e+05 -9.567762608438533789e+04
1.810711477595511824e+07 3.791634148945830017e+07 1.078610556582434475e+08 2.165159002643999159e+08 7.715457260865172744e+07 2.328573335370557010e+07 1.328748109553109482e+07 6.896468902908477932e+06 7.174039118191773072e+06 2.961087057507853955e+06 2.377571705444857653e+05 -2.422880479955065995e+06 -2.756587378294499940e+05 -2.861500221803256311e+06 -2.499859005754522805e+05 2.278470394570066594e+06 1.871571230504656443e+06 2.168454764494799543e+06 1.313421890087260399e+06 5.936354390567906667e+05 4.110360662717326195e+05 -1.819837802288446983e+05 7.058259611029857770e+05 3.503708310608864413e+05 -2.451292842691291298e+05 4.843432645553352195e+05 4.476134536445610574e+05 -5.049017272836473421e+05 -4.667164161434771959e+05 -1.142608242929750304e+04 5.722722065514962887e+05 -3.236633452002005070e+05 -8.175575438793764915e+05 7.756852779461392493e+04 4.001997085847093258e+05 6.076315291846764740e+05 9.498462238751619225e+03 8.064762702829039190e+05 3.007458328156781499e+05 -4.884741365010594600e+05 1.697391641945527226e+04 -4.554065125267392141e+05 3.462362162261289195e+05 2.773718426800077432e+05 1.504020077932909189e+05 3.070949063622590038e+05 1.363277943702485391e+04 -6.977872755678110116e+04 -8.219687995073050261e+05 -2.521475828889943950e+05 2.809812387459947495e+05 1.783489358905180998e+05 4.099643936125239998e+04 2.553762162222477782e+05 -1.583049805064527609e+05 -1.538816710046686057e+05 -2.882318565767788823e+04 -9.786311369025176100e+04 1.794565271851434081e+05 -1.010551059577937849e+05 -1.149884193193580577e+05 3.806144703313292848e+04 7.200843229305694695e+04 -4.337305209887179808e+04 -1.137809635931155790e+05 -9.721251542659765619e+03 -2.042901018402322952e+05 1.094450293638618459e+05 -1.303586937088746636e+05 -2.571806483264741473e+04 2.131298434882315341e+05 -7.912197093574995233e+04 2.671664057121040241e+04 -2.051308248452779371e+05 5.192081988859637931e+04 3.446160326020534849e+05 3.239471721919444390e+05 -2.599438439586238528e+05 2.355649492218858504e+05 -2.028449644419120450e+05 -1.575575581996633846e+05 2.988188836931012338e+05 -1.469004943722895114e+05 -3.328255067879157723e+05 1.971488871636874683e+05 2.659396739571133367e+04 3.595099713440780033e+04 2.831200548865319433e+04 1.145297522124108655e+05 2.168010607007895596e+05 -1.155283098681350566e+04 1.847851259564297798e+05 1.603807698688678211e+05 -8.296949813044375333e+04 -8.188131873484872631e+04 1.623965721957922324e+04 -2.489407658755459852e+04 -1.905425526118091948e+05 1.047463508244547120e+05 6.465634945310748299e+04 2.226941718437177406e+04 6.605119809789698047e+04 1.145715357590271306e+05 9.159105453747395950e+04 2.450132187084795078e+04 -1.188040391196820419e+05 -3.250782621580808191e+05 -9.682663384296964796e+04 -9.148542109838078613e+04 2.110956087553623947e+05 3.180765972693338408e+05 9.051904625933339412e+04 -2.267669041093858541e+05 2.057793481308042246e+05 3.441534409853733378e+05 -7.210419080478107207e+04 -1.650315595921330678e+05 -1.535225173831790562e+04 3.709187964217711124e+05 3.402363919126559631e+05 9.298739757964687669e+03 1.707438589330026589e+05 2.782740916706293938e+05 -1.685567291848567256e+05 5.644497896501923969e+04 2.038139109539329074e+05 1.831488966747168161e+05 1.984692663142903766e+05
2.697530866002486646e+07 1.958094228367654607e+07 2.887671171236426756e+07 7.715457260865172744e+07 1.334839918479370177e+08 4.952935785742063075e+07 1.945730593010354415e+07 8.728346509851288050e+06 5.880473665380160324e+06 3.935364196382118389e+05 -5.612721706093733665e+05 7.592417848233632976e+05 1.844994955633119971e+05 -2.307248709490268026e+06 -3.632932026419984759e+05 1.188945800662129652e+06 -4.889026919699944556e+05 -5.835034309136024676e+05 8.324921918098592141e+04 1.543462532026623609e+06 1.417214614702437771e+06 1.221085665616746293e+06 6.851584734481350752e+05 -5.670126130296885967e+05 4.909558344055596972e+05 1.241211267782611307e+06 8.935389029980406631e+05 -6.736622005331274122e+05 7.509443678731388354e+04 1.822481752561298708e+04 -7.666684478986425092e+05 -3.053633220897619613e+05 -4.604387382683265605e+05 -4.548176833004266955e+05 3.845965690273733344e+05 -2.122016657677487237e+05 -6.676319050429739291e+05 -7.493030464866503607e+05 -4.053385552114176098e+05 -8.521052986771542346e+05 -3.667285870331705664e+05 -5.187774604434534558e+05 1.023016674794744176e+05 -1.399798456429772777e+05 2.020767139885055076e+05 5.500577628603435587e+05 5.953682256629694020e+05 1.379488726056847081e+05 -2.287332219575543713e+05 -5.813144100546923437e+04 2.543986623916576209e+05 2.658626722424080363e+05 -9.921532879769743886e+04 1.384761332945056201e+05 8.996972886793909129e+04 1.292010797630138550e+05 -2.619966104121808894e+04 -8.821100622625788674e+04 2.004271761416224763e+05 -1.782780468624109926e+05 -2.123637602304596221e+05 -2.115660136870654824e+05 -9.288767562856712902e+04 -2.158602862231608306e+05 -4.894761534805010888e+05 -1.962796224751235859e+05 -1.205525866676415608e+05 -2.233234504694067873e+05 -3.087893710207463009e+05 -4.911785926326991466e+04 8.214944618603709387e+04 -2.876084091186622391e+05 -1.941314898507378530e+05 -2.085172979076415359e+05 1.433764262833223802e+04 2.309352367945110891e+05 3.348181651084260084e+05 2.737990535087139870e+04 -5.557348421839234652e+04 -1.585528483693158778e+05 -5.687612227495935804e+04 8.881208775903514470e+04 1.259510532495654770e+05 -8.488796002840768779e+04 -3.224473071041237927e+04 -4.599856174198228109e+04 1.259906946876705042e+05 1.494466206576249097e+05 4.656312027501535340e+04 6.146475354314959259e+04 -7.596377469658100745e+04 -1.258055526312675065e+05 1.656338982773031166e+05 1.504474304540378798e+05 -1.353894438994379889e+05 6.262293554630345170e+04 -1.358717532186372264e+05 -5.700192560128693913e+03 -1.126048659796002321e+05 -2.760901431313269422e+05 -1.103736378775410267e+05 -2.809836637320750015e+04 4.733766995763033628e+04 -4.499961723322012404e+04 -6.640052838958731445e+04 -1.507527631515628891e+05 -3.814859044365378795e+05 -1.165704401823053340e+05 5.403214698496727215e+04 2.712182399341181008e+04 4.436336310225196939e+04 -1.618420556668187783e+05 7.757599574715067320e+03 1.085820535469018942e+05 1.511091047345449915e+05 5.813163330658989253e+03 -1.408585483845179988e+04 -1.067764932616874867e+05 1.049469809409532463e+05 1.078984878872894333e+05 -1.311133062200951972e+05 1.455168206371284941e+04 3.478231901707893849e+04 -2.332047144146056235e+04 1.377075806678037770e+04 5.749296038531405793e+04 1.873468107095807864e+04 5.791476338227117230e+04
8.783728834861870855e+06 -6.697060391276692972e+05 1.266860588297170587e+07 2.328573335370557010e+07 4.952935785742063075e+07 9.424944423927347362e+07 3.863345902531963587e+07 1.182718256072256900e+07 7.680645048457655124e+06 4.125865038758239709e+06 1.072944201620769687e+06 1.856872223040458746e+06 1.569062873110647313e+06 6.727139136986875674e+05 1.715556490531963063e+06 2.014356028350992128e+06 1.568036714747720165e+06 2.131140683244239073e+06 1.336115612265973119e+06 1.886015573981993832e+06 1.034991876946794800e+06 8.990395425964200404e+05 1.168569864762585144e+06 4.409019907205285854e+05 1.099431850435474189e+06 5.002079675851585343e+05 8.244869488066129852e+05 3.522759229318965226e+05 9.144961147167430026e+05 2.929034029331415659e+05 -6.051011632750715362e+05 -3.621649187816429185e+05 4.125888082516803406e+05 3.371733181035571033e+05 8.845402091923578409e+05 6.360617114102371270e+05 -7.633632255640848598e+04 -4.103439325574513059e+05 -5.733115543602969265e+05 -8.093808220136645250e+05 -4.162917786092183087e+05 -4.721453666068489547e+05 1.609800353765423060e+05 2.752021830061880173e+05 2.353500794024005008e+05 -2.108133340508019028e+05 2.473415701500065625e+05 9.893011029656928440e+04 1.970837690454918484e+05 9.770145784762881522e+04 3.052879785126167117e+05 1.396082866620709246e+05 -4.295701199935951081e+03 2.109686858977761876e+05 7.521186155684581536e+03 1.416453013635254465e+05 1.110862889702110697e+05 8.879916778061205696e+04 8.992832723806289141e+04 -1.212930232582154713e+05 -4.920833515497003100e+04 -1.863382175680538348e+05 1.780770692252974550e+05 6.634336233158209325e+03 -3.114675884964170982e+05 -4.046925514782631071e+05 -1.216567209358155087e+05 -1.981393427044379496e+04 1.361301905892888899e+05 -4.035373818294443481e+04 -9.783080985940874962e+04 -8.599788104643966653e+04 -3.898543807185304468e+05 -2.640552679369910038e+05 7.371622950020151620e+04 1.580346452595397132e+05 2.445456872109465476e+05 6.981500508109293878e+04 1.515090664048085819e+04 5.074883030855229299e+04 -6.128848962625720014e+04 1.547702431566192245e+05 9.372482368873940140e+04 1.507353511893007962e+05 -1.716382240061234916e+04 -1.713152724572855004e+04 1.076064674059463578e+05 -1.360574339020249499e+04 4.158031812701770832e+04 -1.009539858053512871e+05 -4.887848215638992406e+04 -1.710007086684935202e+05 -7.204174320916125725e+04 9.083348829649700201e+04 -4.776674944414349739e+04 8.101676761716033798e+04 -1.072876733803477400e+05 -1.506744662882225202e+04 -8.647421874672047852e+04 -1.920776020050083462e+05 -1.472172009665281221e+05 6.572477091455142363e+04 1.532553552645101736e+05 6.294458890545053146e+04 -3.536722353076563013e+04 -1.943019637768192042e+05 -2.581837232307049853e+05 2.100008211949452743e+04 1.024135757805161411e+05 -5.034185398732924659e+04 1.246438706681137592e+04 -1.902412424723872100e+05 9.446153601288772188e+04 7.953897545959132549e+04 6.931791911696169700e+04 -4.742083360498309776e+04 2.890959590602206663e+04 6.525917336777209857e+04 8.127093525075329126e+03 1.023915713693784028e+03 -5.194001039516833407e+04 2.283212720946916670e+04 -3.066025162289731816e+04 -1.663105305155062524e+05 -1.178905901240944368e+05 -3.644720801276343991e+04 -1.051388072653354466e+05 -1.041116402433962503e+05
9.148903701319990680e+06 7.510306798469556496e+06 7.702104867942886427e+06 1.328748109553109482e+07 1.945730593010354415e+07 3.863345902531963587e+07 7.174565189258055389e+07 3.053404931398707628e+07 1.136190917382047884e+07 2.960974887894639280e+06 2.344664911770295352e+06 -1.641174445557358849e+05 1.847365293197058607e+06 8.540647196751678712e+04 1.124734429571350338e+06 8.098754733179205796e+05 1.150477443566601258e+06 1.247801525899748784e+06 5.745309489186768187e+05 1.132585077583711594e+06 9.967905252422991907e+05 6.060000110688470304e+05 7.009473330529077211e+05 5.166608577158838161e+05 7.676324065949739888e+05 -1.190249339715882379e+05 1.703096277813793276e+05 4.536449730537461583e+05 2.932406284498460591e+05 1.034661441252702498e+06 2.098444775348955009e+05 -4.298821945652373834e+05 9.573670265235485567e+04 3.093313820681928773e+05 7.759285875783100491e+05 7.597520804568602471e+05 2.062890615694635781e+05 -1.675701600613879855e+05 -2.454729707542197139e+05 -3.682545569484072039e+05 -2.323835993909764220e+05 -7.880684432379986392e+05 -1.811021955441957689e+05 1.194634704434974119e+05 -2.467898397676483728e+05 -4.538921507228461560e+05 2.488336028031320602e+05 2.612849377469987667e+05 9.621390206929852138e+04 -1.217801053344632528e+05 1.387068373886709160e+05 1.258226357355767395e+05 -1.962312632223859546e+05 -4.408369505744456546e+04 -1.223342655881318497e+05 -3.611841684274722502e+04 1.826277252809212659e+05 3.260205434540299466e+05 1.746416744526471884e+05 1.105862291835772048e+05 9.224296713087227545e+04 2.363701701276318272e+04 2.293323219595749688e+05 -2.130533515327562345e+05 -1.989321630350076593e+05 -1.073461458713026077e+05 3.877116341736012691e+04 2.250725441190662241e+04 1.685290412383758230e+05 -3.297326090905056481e+04 -5.764421208262531582e+04 -8.493858832377311046e+03 -3.869938729007526126e+04 -2.095156461692337180e+05 -4.595165142864687368e+04 1.702990138827837363e+05 1.984737005273795803e+05 3.741330766976083396e+04 -1.619045648772971472e+05 -1.094584338878706330e+05 -2.072392718660027022e+05 1.296578655893969117e+05 -8.971960929841507459e+04 7.720490075117004744e+04 -8.452106487532626488e+04 -4.935032352454934153e+04 -6.009010092107709352e+04 -1.141455620388774114e+05 -6.061411556738353829e+04 5.843441172411779553e+04 -1.891088514763277635e+04 -1.685015470763625053e+05 -1.001735240847227687e+05 -1.674485445966334664e+05 -2.262158118789356668e+05 7.508513690153116477e+04 7.180051709751364251e+04 -6.192026944473206822e+04 -1.949824355749947717e+05 -1.477939514684939932e+05 -1.448389106462670607e+05 -1.090101402263817581e+05 1.141887307857464330e+05 -3.112731182656966121e+04 -1.970949504635889607e+05 -2.641883581785695860e+05 -5.822877302344672353e+04 -7.524998047927620064e+04 -1.184347432729889406e+05 -1.481443528827956761e+05 -2.407407593704451574e+04 -1.326679905829053678e+04 5.120413268117565167e+04 -3.364399766091509082e+04 6.418277276596605225e+04 -4.715782875889734714e+04 -7.259267236985055206e+04 -1.442692797664447571e+05 -7.640693890084410668e+04 7.485830055714483024e+04 -8.542734480292503576e+03 1.079057656832206703e+05 3.208548747039700538e+04 -5.238528606177700567e+04 -9.304213828063565597e+04 -1.346376225732093008e+04 -6.315824918785396585e+04 -5.832526629282426438e+04
1.683989543933379278e+07 1.169021984773388691e+07 6.364694817178715952e+06 6.896468902908477932e+06 8.728346509851288050e+06 1.182718256072256900e+07 3.053404931398707628e+07 5.625880224024875462e+07 2.430791772044071183e+07 8.452630684343252331e+06 3.330754009320612531e+06 2.556683156003644690e+05 7.486046509626935585e+04 1.251655679046495497e+05 -3.813882399112103158e+05 -4.866384479056546115e+05 -1.134896951548813813e+05 -3.772107220263678028e+04 2.878169187972464897e+03 5.407281419577895576e+04 6.388422490180430468e+05 2.423333564224634029e+05 2.158720958979581774e+05 6.736713691408700543e+05 5.248161690716338344e+05 -1.202690203398809099e+05 -1.043082695785182586e+05 -2.670408945584542817e+05 1.963441643706322066e+05 3.437497052143755718e+05 -1.857029524427415163e+05 -3.768545690265339799e+05 -2.087399801704586425e+05 -1.252496949539697671e+05 1.700394267809199300e+04 1.232460622489187663e+05 -3.098441171676527010e+05 -3.179337689164149924e+05 -2.546539714924938744e+05 -1.077346564341048797e+05 -9.412232859363262833e+04 -3.928155352999296738e+05 -3.041085332847444806e+05 -5.926312198646848556e+05 -4.117433336272914894e+05 -3.637270830080851447e+05 6.253757974121139705e+04 -1.779967800436732068e+05 -2.919342969015003182e+05 -8.467753263728007732e+04 1.414010048278559989e+05 3.626121937172386679e+05 -1.072346995367195195e+05 -1.479637011247920454e+05 -1.648324024473296304e+05 -5.944743547431045954e+03 4.224351636256554048e+04 8.179366882461667410e+04 9.086494459471685695e+04 -1.070973604632892057e+04 3.781508983648077992e+04 -1.717529109993289749e+05 1.949231683542730752e+05 1.939069878017292940e+05 9.175642050665283023e+03 1.831953825006487386e+04 1.738445662172521043e+04 -9.201765578952804208e+04 -4.377031227791584388e+04 -7.582912837954441784e+04 6.111449917726721469e+04 8.369950740933626366e+04 3.213518237840328584e+04 3.273134646885107213e+04 5.780703602314917225e+04 4.694755958788462158e+04 7.478005326826374221e+04 -2.338193850924042999e+04 -1.246022231538876658e+05 7.324873029653940466e+04 -5.458407668774381455e+04 7.960590552378080611e+04 -1.083455606341561070e+05 4.149532213778693404e+04 -1.142706546989562594e+04 2.552837148813743261e+04 -4.830395184211041487e+04 -5.640568251599505311e+04 5.311790343369809307e+03 1.168509164866655046e+05 -1.207261776928912586e+05 -4.091779568516263680e+04 -6.648127513866344816e+04 -3.620896261232052348e+04 -6.347667664130188496e+04 -1.937608748266996408e+05 -1.431877950853526418e+05 -9.100879550201326492e+04 -1.564311726134834753e+05 -9.524192603128369956e+04 -2.123225582771516929e+05 -9.180732093013128906e+04 1.811752591837815125e+05 7.808014038103021448e+04 -1.635339538831376412e+05 -1.437339542653587705e+05 -8.162550496114171983e+04 -1.238553389093607257e+05 -3.018814667232570355e+04 -7.603164710128988372e+04 -6.725608270090163387e+03 -5.905013883220685966e+04 -1.841412318340374986e+04 -2.001931986175284328e+04 1.863818796048429067e+04 -2.447246307092199277e+04 -6.026934838057882007e+04 -1.324720908722928434e+05 -5.200210603529593209e+04 2.462830586827656953e+04 -1.108245925901579612e+05 -4.659773741490476823e+04 -1.252346998129601161e+04 -4.637376169893213955e+04 -2.814885137686062990e+03 -1.920099954075175629e+04 -9.268634880093646643e+04 -4.429151289667453239e+04
-5.434466546262784861e+06 -3.195305284719533753e+06 -3.373196066470969236e+05 7.174039118191773072e+06 5.880473665380160324e+06 7.680645048457655124e+06 1.136190917382047884e+07 2.430791772044071183e+07 4.263722679750069976e+07 1.918587138558055833e+07 5.220432263309336267e+06 1.168387409558312502e+06 1.241842300242668018e+06 8.567126622253973619e+04 -4.809772136187733267e+05 2.972145135185043910e+05 5.028407426584798377e+05 9.142496185108154896e+04 4.861936515331269475e+05 4.211535275949754869e+05 8.817489947615641868e+05 4.117090711578989285e+05 -2.341147574455229551e+04 3.978423674431527616e+05 -5.359600091557262203e+04 -2.267524741503452824e+05 -3.454969315783184138e+05 -3.899882088397992193e+05 -4.776957823880217038e+05 -4.859182544723868486e+05 -2.128528876292182540e+05 -2.875510647394282278e+05 -3.633124300398329506e+05 1.110168305927443289e+05 1.913836611887486652e+05 3.597110660973206977e+05 4.686477875515902997e+04 -2.136951017524352937e+05 1.143967321260327153e+05 1.024874655081684468e+05 3.167831892284071655e+05 9.155264868111166288e+04 -2.838773328699338599e+05 -1.582559330365467176e+05 -1.225746394093799026e+05 -3.384948440964941983e+05 -1.303966223102525546e+05 4.046858428171058767e+04 -2.681105695238296757e+05 -1.812001593401379359e+05 -1.608893890628344670e+05 1.771632950128330558e+05 2.653421433502087166e+04 1.680273973790365271e+05 -4.286680484864180471e+04 -1.749393428856722021e+05 1.332122046251588290e+04 -3.188013828435072355e+03 -2.214129132431994731e+04 -9.807817257056255767e+04 1.317322313570302504e+05 1.023018295842936641e+05 1.366841035629977705e+05 6.304568611677907029e+04 5.996190141478200530e+04 -1.304067728513509064e+04 -3.378484435737543390e+04 8.050027291921577125e+04 1.274021034092540649e+05 -2.271309172403864795e+04 2.995591177340229842e+04 7.551545908370940015e+04 5.161958756577339045e+03 -2.406539896331926575e+05 5.392822459603486641e+04 1.132693533606565907e+05 8.560518765022543084e+04 -1.291620339713787689e+04 7.018322631764869584e+03 -8.368971648806958910e+03 2.675954601173110132e+04 4.119318268667707162e+04 4.119856973421109433e+04 -5.587057555077431061e+03 1.528954343600557477e+05 1.091139501963898365e+05 -2.161446745748088870e+04 -2.914338061105751694e+04 2.089344826402281979e+04 4.075324752533182618e+04 -1.416950496541103930e+05 -1.400453831182650465e+05 -1.936099333453031431e+04 -3.158049799006880858e+04 -6.671359702350718726e+04 -1.205020719093528605e+05 -2.772900358376683653e+04 -7.001717356983848731e+03 -6.645772782529090182e+04 -5.923357715508568799e+04 -2.558466009515962287e+04 -1.264622569663526519e+04 3.251248304630596613e+04 -4.003963583918076620e+04 -9.157105239343845460e+04 -8.465094799272037926e+04 -2.855604180986736901e+04 -1.182919546282474766e+04 7.551424550855865527e+04 1.155308638613835064e+05 5.036011893021060678e+04 2.284300886459468165e+04 -1.065104716098909876e+03 -1.857981276075783171e+04 -4.776912247773135459e+04 -5.758148622130877629e+04 -4.296885089152101864e+04 -6.988096834959555417e+04 -5.686710604028425587e+04 -1.128327836108275915e+04 -1.044196398832578998e+05 -3.425783808696040069e+04 6.335142414317254588e+04 7.585558280793765152e+04 9.785979654825433681e+04 1.247003700133724342e+05 1.355734703927658848e+05 2.454654735520185932e+04
-4.008714984677205794e+06 -3.700925447044163011e+06 -1.275828191064398969e+06 2.961087057507853955e+06 3.935364196382118389e+05 4.125865038758239709e+06 2.960974887894639280e+06 8.452630684343252331e+06 1.918587138558055833e+07 3.644703170240750909e+07 1.490455322682407871e+07 5.104319304736098275e+06 2.293225715730447322e+06 1.198408108296650695e+06 -1.469334833118885872e+05 6.339595217274769675e+05 -2.215782926397850970e+05 4.070743726928520482e+05 3.195699180084067630e+05 6.062218423658022657e+05 6.372559419155827491e+05 2.796395799401712793e+03 -5.901628757116725901e+05 -1.541228374278848933e+05 3.046682511056366493e+05 2.836203688951059012e+05 -4.556947832820503972e+05 4.737351249930302583e+04 1.885323803224953590e+05 2.438831568765125703e+05 1.557300656399886066e+05 1.991245684410409012e+04 -2.436189885866266268e+05 5.361490105836569455e+03 2.922574621422159835e+05 2.085425725503748690e+05 1.592930243915155370e+04 -2.264047184723287355e+05 -8.375374200002072030e+04 -6.769056205797694565e+04 1.593335500596323400e+05 2.503054347904669703e+04 -3.014088069493649527e+05 -1.660301101059164794e+05 -6.895094619389832951e+04 -3.510812896676743985e+05 5.861094899850610818e+04 -1.098642853126155205e+04 1.167724793284592306e+05 -9.841946311271346349e+04 5.457963028946505074e+04 9.200563392491968989e+04 -3.748151642390519555e+04 -5.392356551224528084e+04 -1.177582378349877108e+05 -3.497464376808673842e+04 1.123159500606962974e+05 9.007380059718790289e+04 -1.741966084882473660e+04 -1.342544749940717702e+04 1.500786525316239567e+05 3.362614535725228052e+04 1.317463644108646549e+05 2.544750736121357186e+05 -4.879688309255196509e+04 5.952938134324783459e+04 -1.816229503115033003e+04 7.058908255376935995e+04 1.184530658504980092e+05 1.291524970470658445e+05 6.157242492517176515e+02 2.522647783756885110e+04 8.394980107597725873e+04 -3.483418390384884697e+04 5.910083873427840444e+04 3.817660403143877829e+03 9.294607408920311718e+04 1.346284690521227021e+05 8.966416072652704315e+03 -1.252343761525954906e+05 -6.713233735693155904e+04 1.127597793317942851e+05 8.098834018551556801e+04 -1.159521953420018872e+04 -6.007870243718549318e+03 -6.552632597656506732e+03 -2.622197278474889754e+04 -4.778642152184928273e+04 -8.536480367618454693e+03 -2.960281324053489516e+04 -8.921392426898806298e+04 -2.130097538279164582e+05 -9.818372580533246219e+04 -7.877608237735231523e+04 -4.829086096074389206e+04 -1.461754177947959033e+04 -7.679155631977234407e+03 -3.290325304853548732e+04 -3.780054073310981767e+04 -1.004249138834427577e+05 -1.493897355529971901e+04 -3.975996709035173262e+04 -4.745834964653919087e+03 3.917429236035575741e+04 9.899073285066950120e+03 -2.389424434589427256e+04 3.031915436689319176e+04 2.823347765876711856e+04 5.697276675285495458e+02 -1.947021167044307367e+04 -1.085279707960555243e+04 8.018020415635805693e+04 9.077363263153965818e+04 3.923092502552740916e+04 -5.391652036247144679e+03 3.186083008248107490e+03 -6.625042546147531539e+04 8.763974193608144560e+03 2.063316958903248815e+04 -2.448204475550214556e+04 -4.992335350549035502e+04 7.260444056475072102e+03 -7.528942778860919134e+03 1.658355849525095982e+04 6.765181614231332787e+04 6.909401998092874419e+04 3.591182206174826206e+03 -2.527530057524881215e+02
1.233119056666411692e+06 2.306376829444400966e+06 4.079356330614379840e+05 2.377571705444857653e+05 -5.612721706093733665e+05 1.072944201620769687e+06 2.344664911770295352e+06 3.330754009320612531e+06 5.220432263309336267e+06 1.490455322682407871e+07 2.772854930599958450e+07 1.039696180738672800e+07 2.796731183474613819e+06 1.588408652259160765e+06 -2.318372998074668794e+04 4.198899639203405241e+05 3.444346647332202992e+05 5.283617281252498506e+05 -1.348079098862378742e+05 2.945289834423210705e+05 3.539685719495930825e+05 -6.688929930923389038e+05 -3.505495808659113827e+05 -2.204751862638141320e+05 -1.865351508536285255e+05 -2.404211792437385884e+05 -2.779677962933563394e+05 1.808292354018468177e+05 -2.472900558948234539e+04 -1.528160016597100184e+05 -3.054526653540639672e+05 -1.845212313474713301e+05 -4.921620714130650740e+05 -5.607294674830297299e+04 3.519566701426022337e+05 9.679268410885416961e+04 -1.938765025585356343e+05 1.036762035368198995e+05 2.708659857775382989e+04 2.226885962222522649e+05 1.514787356646640728e+04 -2.351711927103370545e+05 -3.407378213019004324e+05 -3.399522243729299953e+04 -3.287501720243284944e+04 -2.191397729767953861e+05 7.253744277649815194e+04 -1.032531471711759950e+05 -2.698695828735716350e+04 -1.047179281323605246e+05 -5.350150453063302848e+04 -4.852582561872110819e+04 -6.990441626811682363e+04 -1.216332167152094044e+05 -5.631749413376890152e+04 -6.685097927445649111e+04 7.654257315032942279e+04 2.323796802961297799e+05 9.133406295048265747e+03 -2.787492643980401408e+04 4.625783389511183486e+04 -1.463603916740248969e+05 1.517318935744525515e+04 1.411908450955679582e+05 2.800068815809071020e+04 5.077276134803268360e+04 5.127326812979690294e+04 -1.016559005421087022e+04 6.722686564203492890e+04 4.003164932072241209e+04 3.298669310678042621e+03 4.689228408016935282e+04 -5.538573992254922632e+04 6.809191907220325083e+04 9.838083427619202121e+04 -1.501763188110800402e+05 4.545114268115181039e+04 7.088227496869242168e+04 -2.853611556583944912e+04 -5.061989413733018591e+04 -6.615230079247214599e+04 9.809249118456641736e+04 1.115182658667074247e+04 -7.056562514373411250e+04 -7.355669285555575334e+04 -1.265747994209249155e+05 -1.687751592479670362e+05 -2.259124562468180011e+04 -6.041270179336561341e+03 -5.324985535558365518e+04 -1.089392620607805293e+05 -7.363751175672734098e+04 -4.543563841093425435e+04 -1.165771989158463111e+05 -9.062259518451835902e+04 2.097768779048632132e+04 1.440424955306266020e+04 -6.534760779111321608e+04 -1.446677962936371296e+04 -1.497145164323793724e+05 -1.171990580650496850e+05 -2.056983549348650195e+04 -1.799877573190958856e+03 1.257706417478273579e+04 -1.344840417754794180e+05 -6.207430201608289281e+03 7.101905699946907407e+04 3.475988606780356349e+04 3.459971989333540841e+04 -1.126556048738206446e+05 2.940768984644163083e+03 8.830535373626116780e+04 4.631974257816504542e+04 -2.272453372709460746e+04 -5.592958387588694313e+04 -4.665512448166218383e+04 -5.684335286704014288e+04 3.220641440850288564e+04 -5.592631849643274109e+03 -3.823927631700434722e+04 9.160568321164566441e+03 8.954698065375525039e+04 6.286268947165999998e+04 5.711422147379990201e+04 2.667369412174030731e+04 2.023855438995696750e+04 1.510501757854224161e+04 -2.076372591259250112e+04
-4.934062310383752920e+06 6.642058617106177844e+05 1.040366688871766441e+06 -2.422880479955065995e+06 7.592417848233632976e+05 1.856872223040458746e+06 -1.641174445557358849e+05 2.556683156003644690e+05 1.168387409558312502e+06 5.104319304736098275e+06 1.039696180738672800e+07 2.195463709966744483e+07 8.800314448388786986e+06 3.445178149218054023e+06 9.969721181612334913e+05 9.282480535435775528e+05 3.319863228919689427e+05 4.768505964552843216e+04 1.589841307010418677e+05 4.239241021079779603e+05 -3.829662970593466889e+05 -5.855159046976632671e+05 -1.795134512333744497e+05 -2.192555310189864249e+05 1.020892571505504602e+05 1.442543379192471039e+05 -3.343583883550405972e+03 -1.714476036127488478e+05 -3.489999827770438278e+05 -3.741609754984760075e+05 -2.482215320369599503e+05 1.212666220330241340e+05 -7.679791386514519399e+04 -3.320772529016694752e+05 3.836316367146981647e+05 1.039885197189417231e+05 -5.895192943276622827e+04 1.642147483982176345e+05 4.841409009252987744e+04 -9.194229904454681673e+03 -2.954603297265274450e+05 -1.813879382796688878e+05 -2.602761478231323999e+05 1.322702971656237787e+05 1.428795817184386542e+05 8.044716987727418018e+04 4.479915609643172938e+05 1.982172684080904583e+05 1.762058889595880173e+05 8.847266178950223548e+04 -5.238821538131994203e+03 1.133356879284113675e+05 1.897745507056685456e+05 1.804180088004744903e+04 -1.299472552633260784e+05 -1.315593808830219787e+05 -9.006952946740121115e+04 2.993531507081150994e+04 4.093432022019321448e+04 7.051297094616675167e+04 1.498670736397113651e+05 -1.155105044736598356e+05 1.107940847100048995e+05 1.015153425823783618e+05 2.937050447331766190e+04 9.847331948653052677e+04 4.224256741988302383e+04 3.984398067470399837e+04 1.123532094014730101e+05 8.308129507290605397e+04 4.988012428465622361e+04 -1.567769239299074252e+04 8.631887244409405184e+02 6.886218933300634671e+04 6.896997166383362492e+04 -4.763101413658553065e+04 6.574636041718814522e+04 1.549023027713291813e+05 8.876668794433375297e+04 -1.103227238159210356e+04 5.455041822487065474e+03 5.608986120590013888e+04 3.136283538253414463e+03 -6.583916091640398372e+04 -5.983948750881262822e+04 1.886988150830044833e+04 8.077894496684330807e+04 3.306990669428443653e+04 -1.178980389811434579e+05 -1.674053120857666654e+05 -3.988206592026856379e+04 -2.437357643977796761e+04 -6.215323049198220360e+03 -9.880459007579745958e+04 -3.128491531147116621e+04 5.515904848738470901e+04 8.653237899028528773e+04 -4.660863004013901445e+03 6.076156024703235016e+04 -1.174024528252215350e+04 -5.050521027322000737e+04 2.857760398708396224e+03 5.747153780808088050e+04 2.379791232503448191e+04 -5.781450327403015399e+04 1.079867352947659856e+04 2.756511101497124764e+04 2.593327435704931486e+04 2.727414820524106835e+04 1.999637618892007595e+04 2.784686189678236587e+03 3.731926460564662557e+04 -7.258129751645081342e+03 3.119109754334165245e+03 -1.026874473355679511e+05 -7.667566736843866238e+04 -1.035306015430684347e+05 1.247178736847125219e+04 3.394070046294150234e+04 2.284566046783413549e+04 -2.628301709862828648e+04 1.970620723763607384e+04 2.264549306701729438e+04 -1.622103260198013913e+03 -2.558686869479517554e+04 -2.423210631471027227e+04 3.598859007074748661e+04 4.669790744816033839e+04
